resid,resname,ca_rmsf_A
1,MET,3.7392606871429654
2,SER,2.131924243923189
3,LEU,1.341247321671427
4,ASP,1.2745882326643707
5,ASP,0.9785342396398845
6,SER,1.0861524142626786
7,LYS,0.8830183265724758
8,LYS,0.5874500691013657
9,LEU,0.4896926912826123
10,HIS,0.5740817112547234
11,ILE,0.4215496461581169
12,VAL,0.4096837154384138
13,VAL,0.3920966297471712
14,PHE,0.404625347219604
15,PRO,0.42784589722087074
16,TRP,0.42248115346334697
17,LEU,0.4452909251880365
18,ALA,0.49612939648133136
19,PHE,0.6327875632921248
20,GLY,0.6447577071120785
21,HIS,0.48086198443018097
22,MET,0.4891214035342973
23,ILE,0.5658272768083968
24,PRO,0.4971111799463633
25,PHE,0.41787393482855795
26,LEU,0.47511169534261743
27,GLU,0.5005298738223958
28,LEU,0.48355578130091953
29,SER,0.47122697411908426
30,LYS,0.5409655327571495
31,PHE,0.586547739392516
32,LEU,0.542353328245231
33,THR,0.6397086688330206
34,GLN,0.8219874264719791
35,LYS,0.7828488175949879
36,GLY,0.8160973358877528
37,HIS,0.5698510063223315
38,ARG,0.6417688640635705
39,ILE,0.5181562763527708
40,SER,0.5247772281825857
41,PHE,0.5082922557410926
42,LEU,0.5125092690053494
43,SER,0.5243083988708287
44,THR,0.6155152466813634
45,PRO,0.7937786817598234
46,SER,0.7823665220669123
47,ASN,0.6479135157468251
48,ASN,0.7173400638277453
49,LEU,0.8787822301994082
50,ARG,0.8276106453783421
51,LEU,0.8789858130260032
52,LEU,1.0544860498122854
53,LYS,1.150029611391563
54,VAL,1.2233290378201591
55,SER,1.2170318400345517
56,PRO,1.7100255250157
57,ASN,1.7651431287350066
58,LEU,1.0569249910127492
59,SER,1.09928505285001
60,PRO,1.1971099308127608
61,SER,0.846157121879847
62,LEU,0.7727277593327859
63,ASN,0.7084271088588165
64,PHE,0.6959654315091074
65,VAL,0.6784628385553421
66,ASN,0.731506561043176
67,LEU,0.7024997332608198
68,PRO,0.8041792711913912
69,LEU,0.6664566853836439
70,PRO,0.7387730794516789
71,TYR,0.8453531334084731
72,ILE,0.9132029500865434
73,PRO,1.0207482439299895
74,ASN,1.0046519601344737
75,LEU,0.9078532704989164
76,PRO,1.0020936741397983
77,GLU,1.1229473413262019
78,ASN,1.1407340126796026
79,GLY,0.8403378406403499
80,GLU,0.5252724479546236
81,ALA,0.4924266914816501
82,THR,0.4846244669453451
83,HIS,0.5694440047047501
84,ASP,0.6261314810804324
85,VAL,0.6159701575444033
86,PRO,0.7009507944687086
87,TYR,0.8559096718053197
88,ASP,0.9481055157848883
89,LYS,0.6674278703083355
90,VAL,0.5261766377245457
91,GLU,0.5315321601526117
92,TYR,0.49075194804499955
93,LEU,0.4770090551358002
94,LYS,0.44261925104553185
95,GLN,0.47230159773121394
96,ALA,0.5251576687531319
97,PHE,0.4811466830753327
98,ASP,0.47851068168999034
99,GLY,0.5851531177076036
100,LEU,0.5849650261140271
101,GLN,0.5955242008792822
102,GLY,0.7326118358166221
103,GLN,0.7506749232096229
104,LEU,0.7341762808809381
105,ARG,0.7694881142706177
106,SER,0.8284389134762038
107,PHE,0.7688210745232912
108,LEU,0.7426900464481521
109,GLU,0.9986696642143188
110,ALA,1.1112682596443808
111,THR,0.8455689634469236
112,SER,0.9167185076058303
113,PRO,0.6743464045637634
114,ASP,0.5623716017885366
115,TRP,0.4625927959593404
116,ILE,0.395703995115343
117,ILE,0.3504626242022006
118,TYR,0.3507134441901794
119,ASP,0.3624563295542134
120,PHE,0.40350134333512916
121,ALA,0.4628728620454093
122,PRO,0.4880908594415037
123,TYR,0.5250089539479441
124,TRP,0.5071041802390583
125,LEU,0.49878407123670776
126,PRO,0.6541174247739566
127,PRO,0.7328365605952722
128,ILE,0.6264955225526541
129,ILE,0.6669701852860929
130,GLU,0.8847157259865058
131,LYS,0.9687929098936042
132,PHE,0.8750696521645316
133,GLY,0.9008505967006009
134,ILE,0.6288596297505952
135,SER,0.5266292693703425
136,SER,0.4457043843416807
137,ALA,0.4216664774519025
138,TYR,0.3743454584484479
139,PHE,0.3508216989939403
140,SER,0.44894436603885524
141,ILE,0.5200767765409927
142,PHE,0.48984450713401495
143,PRO,0.4612157506813919
144,ALA,0.4605766949947783
145,ASN,0.4557037756102165
146,VAL,0.4484251241830978
147,LEU,0.4735407028561907
148,CYS,0.4914990794310752
149,PHE,0.48007471600912016
150,CYS,0.5862014249548932
151,GLY,0.6306676053374559
152,PRO,0.5466067090474779
153,PRO,0.6034128533272365
154,LEU,0.6983827145212123
155,ALA,0.7165150671967118
156,LEU,0.6220519924717907
157,LEU,0.6487477246741973
158,LYS,0.8390766762299122
159,GLY,0.9565454156009137
160,LYS,0.949880647804617
161,ASN,0.8245796864212235
162,PRO,0.9817860561812948
163,ARG,0.7133561838905803
164,THR,0.7822645435340316
165,GLU,0.8481653042094216
166,PRO,1.0007629528871673
167,GLU,0.9382939130218987
168,HIS,0.6906507033362659
169,PHE,0.6939101496253486
170,THR,0.8002861361411184
171,VAL,0.6981348693590542
172,PRO,0.6288917302831624
173,PRO,0.6552431565225159
174,GLU,0.8266049470636592
175,TRP,0.8334973825793893
176,PHE,0.922465973601826
177,PRO,1.4316463828130384
178,PHE,1.0404933226147737
179,PRO,1.175908128416908
180,SER,0.8049175148021446
181,ASN,0.6782593580477249
182,MET,0.6219071856894101
183,ALA,0.6322545888742376
184,PHE,0.5769127639837572
185,ARG,0.6404616046467819
186,LYS,0.807384293110036
187,TYR,0.7883500953407375
188,GLU,0.7510884080502728
189,THR,0.8310883727976615
190,ALA,1.1167750434763775
191,LYS,0.8833948508631673
192,LEU,0.6251091169534074
193,VAL,0.8119999859931673
194,ASP,0.7760819298022426
195,ARG,0.5717408969120582
196,VAL,0.6042444496860907
197,GLU,0.559797701071398
198,GLU,0.5904103578471198
199,ASN,0.5899976301297615
200,ILE,0.6210836620578266
201,SER,0.6219810286491865
202,GLY,0.7229191630724181
203,VAL,0.49477835839619483
204,SER,0.43600738510800513
205,ASP,0.5042595174661841
206,LEU,0.5204692836732351
207,PHE,0.4277962982737806
208,ARG,0.40898169685527375
209,MET,0.46171308894090884
210,ALA,0.45011265362605374
211,SER,0.4310621462521219
212,ALA,0.4229696848720846
213,THR,0.5047203306139901
214,GLN,0.4996923847919025
215,GLY,0.5062103655424474
216,CYS,0.4477368032195039
217,ASP,0.49213735573505796
218,VAL,0.46394568293549937
219,LEU,0.4132909158812613
220,LEU,0.3647650923084758
221,VAL,0.3885765758883025
222,ARG,0.3813850909514088
223,SER,0.42463159381346416
224,CYS,0.5437380157069316
225,GLU,0.567487797384216
226,GLU,0.578579704121974
227,PHE,0.5282078805829438
228,ASP,0.516631716311431
229,PRO,0.782926299107801
230,GLU,0.6591179062427276
231,TRP,0.5737659986492308
232,LEU,0.5638655994588904
233,HIS,0.6988469316413024
234,LEU,0.6566922435018658
235,LEU,0.6330855524951781
236,GLU,0.8528653606754809
237,LYS,0.7296484537668403
238,ILE,0.716478702230348
239,SER,0.7881073938013807
240,GLN,0.7899801512700821
241,LYS,0.5925796928699353
242,GLN,0.5703378465285536
243,VAL,0.5275793174289588
244,ILE,0.42364459493499584
245,PRO,0.41124576735285384
246,VAL,0.4012488781950452
247,GLY,0.5021766374765402
248,LEU,0.5083762679082314
249,LEU,0.5576124003551375
250,PRO,0.7076361447199403
251,PRO,0.6575072804574841
252,SER,0.8086167521116947
253,PRO,1.085933612735328
254,VAL,1.1904640230088552
255,GLN,1.2855274156359628
256,GLU,1.1466573283405368
257,GLU,1.574892896523809
258,LYS,2.1766900917597716
259,GLN,2.065257614421322
260,GLU,1.3595258085193203
261,ASN,1.573736323309171
262,TRP,1.4446560905449513
263,VAL,1.1202991065426602
264,THR,1.0683263390820963
265,ILE,0.9005747349377842
266,SER,0.8313222366304387
267,LYS,0.8956855762277315
268,TRP,0.815301629572865
269,LEU,0.7467453544629048
270,ASP,0.8803990846723734
271,LYS,0.9629770908046178
272,GLN,0.8430685163083179
273,LYS,0.8814771683108888
274,LYS,0.7571524328089813
275,GLU,0.6007793711702096
276,SER,0.661469024251022
277,VAL,0.49395834212987094
278,VAL,0.4206492630158
279,TYR,0.3928932202336671
280,ILE,0.40076839826196636
281,ALA,0.45448657206026233
282,PHE,0.5423896373935274
283,GLY,0.6817644156661392
284,SER,0.7176858082552154
285,GLU,0.6176099400026447
286,ALA,0.6316012762497522
287,THR,0.6212668969124026
288,PRO,0.6209464515365392
289,SER,0.664276249715327
290,GLU,0.6525566061356872
291,GLU,0.693121967650165
292,GLU,0.5477926422218735
293,THR,0.5067829640999926
294,THR,0.5336604689690108
295,GLN,0.5097601111255229
296,LEU,0.46279052465552634
297,ALA,0.48705190644660185
298,LEU,0.5339282946883228
299,GLY,0.5389429434348457
300,LEU,0.5945211236610769
301,GLU,0.6954691980394206
302,LEU,0.6569452035584776
303,SER,0.6810799227647962
304,GLN,0.6568893814469584
305,LEU,0.5537669237794263
306,PRO,0.5052306783075972
307,PHE,0.42513646645549685
308,ILE,0.41723479059633867
309,TRP,0.4315106684727146
310,VAL,0.5146532143021584
311,TRP,0.575625165255967
312,ARG,0.6626468691247914
313,LYS,0.7031170039109366
314,PRO,0.7552238651311249
315,PRO,0.9724224477612964
316,GLY,1.3873869624013049
317,SER,1.0855528485362507
318,THR,1.1366848136479137
319,GLU,1.1643748678532084
320,GLU,1.300952528514114
321,ASP,1.129825652192987
322,PHE,0.8892161513015204
323,ASP,0.9403745941696728
324,MET,0.7298382188188478
325,LEU,0.663002057089617
326,PRO,0.7224997645549163
327,ALA,0.8375311685638722
328,GLY,0.7729041640489394
329,PHE,0.6366704935341037
330,GLU,0.689996557888039
331,GLN,0.7930378793817437
332,ARG,0.7284447779373078
333,THR,0.6437389441236401
334,ARG,0.9535285963578196
335,ASP,0.9727553839736688
336,HIS,0.7257273861361364
337,GLY,0.6226697417335505
338,ILE,0.5654403320383381
339,ILE,0.5367397367022414
340,TRP,0.5801868415522761
341,ARG,0.7143863727524992
342,GLU,0.8637066055921407
343,TRP,0.8193902708059926
344,ALA,0.788574117517838
345,PRO,0.7423740907599952
346,GLN,0.6001911229513682
347,LEU,0.5915278627052479
348,SER,0.6660119616918634
349,ILE,0.6010211516373997
350,LEU,0.5528767523326479
351,ARG,0.6368576795080358
352,HIS,0.6404576559825131
353,SER,0.6836438895524335
354,SER,0.6135342404589635
355,ILE,0.512688539416411
356,GLY,0.5292032864098295
357,GLY,0.44629576277940974
358,PHE,0.4025143173925691
359,LEU,0.38602096558741233
360,THR,0.433081484763019
361,HIS,0.42268784638670504
362,CYS,0.5179440689539778
363,GLY,0.5364827879970285
364,TRP,0.4664517022476126
365,SER,0.5163087684127405
366,SER,0.4920956478208032
367,VAL,0.4502053751802937
368,ILE,0.4447722447473681
369,GLU,0.5179603074229515
370,SER,0.5214823319723594
371,LEU,0.524348957509639
372,SER,0.5747879237077589
373,VAL,0.579289793827152
374,GLY,0.6469426752090575
375,CYS,0.5065980594049587
376,PRO,0.4873983266366138
377,LEU,0.451180535104418
378,VAL,0.3851528339706495
379,LEU,0.38210312535830687
380,PHE,0.37361916477318635
381,PRO,0.4346618832647764
382,LEU,0.5168852565403215
383,ILE,0.5425826302354526
384,ASN,0.5014013158023279
385,ASP,0.655881638886263
386,GLN,0.4840264774745479
387,ALA,0.5415720995107717
388,LEU,0.5816904028891231
389,ILE,0.5275689391674754
390,ALA,0.5144303866960829
391,ARG,0.5672761143603705
392,MET,0.5828025239327133
393,LEU,0.5210836295969372
394,GLU,0.5795655766645897
395,TRP,0.6569401042902049
396,LYS,0.6562072686266243
397,ASN,0.6176517780702572
398,VAL,0.5234966626297582
399,SER,0.5404058187134703
400,VAL,0.5989109486981354
401,GLU,0.5292223139408814
402,ILE,0.5105765230342307
403,PRO,0.6482977717074077
404,ARG,0.5941638177451741
405,ASP,0.7036733712494215
406,GLU,1.0152709166545917
407,GLU,1.0926103406393017
408,ASP,1.0353869145799013
409,GLY,0.7774893109525006
410,SER,0.7096237463700762
411,PHE,0.574860797360386
412,CYS,0.609880961292774
413,LYS,0.5191635735747244
414,GLU,0.6076903482811622
415,SER,0.6769291938893413
416,VAL,0.4635255551490535
417,ALA,0.5010658234524749
418,GLU,0.5861618042759325
419,THR,0.5015856240591057
420,LEU,0.4696113820742417
421,LYS,0.5869848569245373
422,MET,0.6141930107570082
423,VAL,0.5446380222710568
424,ILE,0.5640140350159683
425,VAL,0.6896944214739661
426,ASP,0.7180282067978039
427,LYS,0.8030593659070656
428,GLU,0.8379702699518452
429,GLY,0.6464748155896585
430,GLU,0.624643046246509
431,PRO,0.6699181016918366
432,TYR,0.5904851189757224
433,ARG,0.545534770060065
434,THR,0.6109104458810497
435,LYS,0.6138759710544374
436,ALA,0.6041620396203182
437,LYS,0.6405287617264179
438,ALA,0.6447467390665047
439,LEU,0.5933991686082954
440,ARG,0.594554807337483
441,GLY,0.834646965506954
442,VAL,0.7591002975942022
443,PHE,0.6008697519566285
444,GLY,0.7360137419583643
445,ASP,0.8230400529813661
446,LYS,0.9822936055085604
447,ALA,0.9288287718195174
448,ARG,1.2636013593716426
449,GLN,1.4790303597721197
450,ASP,0.8259369344416588
451,GLN,0.830455511394057
452,TYR,0.664131392362764
453,VAL,0.5737353259257508
454,GLU,0.6127968928410806
455,SER,0.652925719109671
456,PHE,0.5463547334056764
457,ALA,0.5604854024270401
458,ARG,0.6355083061897002
459,TYR,0.6289486004877678
460,LEU,0.5798037346504167
461,SER,0.7126167586205386
462,LEU,0.7392511688885672
463,GLN,0.7294359226250862
464,SER,0.7409662431819659
465,SER,1.0233321051258324
466,ASN,1.143930959580918
467,SER,1.2758390268936328
468,GLN,1.5406700870467755
469,LEU,1.8819437708402225
470,ASN,2.427668922624086
471,SER,2.627288019894895
